- name: Garden Market
  lat: -6.773374
  lng: 39.276718

- name: Shoppers Masaki
  lat: -6.747786
  lng: 39.284227

- name: Food Lovers Market
  lat: -6.778813
  lng: 39.279972